Webots Project File version R2025a
perspectives: 000000ff00000000fd00000003000000000000000000000000fc0100000001fb0000001a0044006f00630075006d0065006e0074006100740069006f006e0000000000ffffffff000000000000000000000001000001ff000002e1fc0200000001fb0000001400540065007800740045006400690074006f00720000000015000002e10000003f00ffffff0000000300000780000000eafc0100000002fb0000000e0043006f006e0073006f006c00650100000000000004170000000000000000fb0000001a0043006f006e0073006f006c00650041006c006c0041006c006c0100000000000007800000006900ffffff00000780000002e300000001000000020000000100000008fc00000000
simulationViewPerspectives: 000000ff0000000100000002000000fc000006820100000002010000000100
sceneTreePerspectives: 000000ff00000001000000030000001e0000023c000000fa0100000002010000000200
maximizedDockId: -1
centralWidgetVisible: 1
orthographicViewHeight: 1
textFiles: -1
globalOptionalRendering: LidarPointClouds
consoles: Console:All:All
renderingDevicePerspectives: robot_universidad:display;1;2;0.00520376;0.014771
